Accuracy : 0.8528
Precision : 0.8523642837238172
Recall : 0.8528
F1 Score : 0.8512159041777994
Confusion Matrix : [[866   1  21  17   6   0  80   2   7   0]
 [  5 963   5  18   3   0   6   0   0   0]
 [ 17   0 778  12 104   0  84   0   5   0]
 [ 35  14  10 887  38   0  15   0   1   0]
 [  1   1  91  28 806   0  68   0   5   0]
 [  0   0   1   1   0 884   0  68   5  41]
 [214   2 117  20  90   0 545   0  12   0]
 [  0   0   0   0   0  27   0 908   0  65]
 [  2   1  15   3   6   2   5   6 957   3]
 [  0   0   0   0   0  15   0  51   0 934]]
Best number of neighbors : 8
Tuning Time : 0:02:19.255784