Accuracy : 0.8533
Precision : 0.8530123625343151
Recall : 0.8533
F1 Score : 0.851783541254524
Confusion Matrix : [[867   1  19  17   6   0  81   2   7   0]
 [  5 963   5  18   3   0   6   0   0   0]
 [ 19   0 779  11 104   0  83   0   4   0]
 [ 36  14  10 886  39   0  14   0   1   0]
 [  1   1  91  28 806   0  68   0   5   0]
 [  0   0   1   1   0 884   1  68   4  41]
 [214   2 117  18  91   0 547   0  11   0]
 [  0   0   0   0   0  28   0 908   0  64]
 [  1   1  14   3   7   2   5   6 958   3]
 [  0   0   0   0   0  14   0  51   0 935]]
Best number of neighbors : 8
Tuning Time : 0:02:17.931505