Accuracy : 0.7557
Precision : 0.7519645229511333
Recall : 0.7557
F1 Score : 0.7527998824466897
Confusion Matrix : [[755   0  19  91   3  24  61   0  47   0]
 [  6 903  30  42   2   5   9   0   3   0]
 [  5   0 650   5 138  32 142   0  28   0]
 [ 62   4   7 834  23  18  51   0   1   0]
 [  3   2 111  42 702  17 117   0   6   0]
 [  0   0   0   0   0 729   5 173  35  58]
 [240   0 127  49 114  48 392   0  30   0]
 [  0   0   0   0   0  70   0 823   3 104]
 [  7   0  15   5   7  46  41   9 868   2]
 [  0   0   0   0   0  40   3  52   4 901]]
Training Time : 0:00:00.036428