Accuracy : 0.7552
Precision : 0.7515448606576534
Recall : 0.7552
F1 Score : 0.7523376768467345
Confusion Matrix : [[753   0  19  91   3  25  62   0  47   0]
 [  6 902  30  43   2   5   9   0   3   0]
 [  5   0 650   5 138  31 143   0  28   0]
 [ 63   3   7 834  23  18  51   0   1   0]
 [  3   2 112  42 701  17 117   0   6   0]
 [  0   0   0   0   0 730   5 173  35  57]
 [239   0 127  50 113  50 391   0  30   0]
 [  0   0   0   0   0  71   0 822   3 104]
 [  7   0  15   5   7  46  41   9 868   2]
 [  0   0   0   0   0  40   3  52   4 901]]
Training Time : 0:00:00.084382